Best epoch: 199
Hyperparameters:
  alpha: 0.9
  beta: 0.5
Best metrics:
  MSE: 0.00016333
  MAE: 0.008603
  MAPE: 0.009208
  RMSE: 0.012780
  R2: 0.863005
