Best epoch: 198
Hyperparameters:
  alpha: 0.9
  beta: 0.2
Best metrics:
  MSE: 0.00013199
  MAE: 0.007830
  MAPE: 0.008369
  RMSE: 0.011489
  R2: 0.896061
