Best epoch: 41
Hyperparameters:
  lambda1: 2.0
  lambda2: 1.0
  lambda3: 0.05
  l2_lambda: 0.001
Best metrics:
  MSE: 0.00033623
  MAE: 0.012734
  MAPE: 0.013674
  RMSE: 0.018337
  R2: 0.637256
