Best epoch: 43
Hyperparameters:
  lambda1: 2.0
  lambda2: 1.0
  lambda3: 0.05
  l2_lambda: 0.001
Best metrics:
  MSE: 0.00027480
  MAE: 0.010573
  MAPE: 0.011407
  RMSE: 0.016577
  R2: 0.749159
