Best epoch: 200
Hyperparameters:
  alpha: 0.9
  beta: 0.2
Best metrics:
  MSE: 0.00014586
  MAE: 0.008161
  MAPE: 0.008729
  RMSE: 0.012077
  R2: 0.882598
