Best epoch: 200
Hyperparameters:
  lambda1: 5.0
  lambda2: 2.0
  lambda3: 0.05
  l2_lambda: 1e-06
Best metrics:
  MSE: 0.00011172
  MAE: 0.007269
  MAPE: 0.007771
  RMSE: 0.010570
  R2: 0.916677
