Best epoch: 200
Hyperparameters:
  lambda1: 1.0
  lambda2: 0.6
  lambda3: 0.01
  l2_lambda: 1e-05
Best metrics:
  MSE: 0.00011126
  MAE: 0.007280
  MAPE: 0.007786
  RMSE: 0.010548
  R2: 0.914118
