Best epoch: 200
Hyperparameters:
  lambda1: 1.0
  lambda2: 0.6
  lambda3: 0.01
  l2_lambda: 1e-05
Best metrics:
  MSE: 0.00012917
  MAE: 0.007781
  MAPE: 0.008322
  RMSE: 0.011365
  R2: 0.897731
