Best epoch: 200
Hyperparameters:
  alpha: 0.9
  beta: 0.1
Best metrics:
  MSE: 0.00012395
  MAE: 0.007518
  MAPE: 0.008052
  RMSE: 0.011133
  R2: 0.905086
