Best epoch: 200
Hyperparameters:
  alpha: 0.3
  beta: 0.2
Best metrics:
  MSE: 0.00013961
  MAE: 0.007943
  MAPE: 0.008489
  RMSE: 0.011815
  R2: 0.891321
