Best epoch: 199
Hyperparameters:
  lambda1: 5.0
  lambda2: 2.0
  lambda3: 0.005
  l2_lambda: 1e-05
Best metrics:
  MSE: 0.00011966
  MAE: 0.007545
  MAPE: 0.008067
  RMSE: 0.010939
  R2: 0.910097
