Best epoch: 200
Hyperparameters:
  lambda1: 5.0
  lambda2: 0.6
  lambda3: 0.01
  l2_lambda: 1e-05
Best metrics:
  MSE: 0.00010178
  MAE: 0.006830
  MAPE: 0.007304
  RMSE: 0.010089
  R2: 0.925537
