Best epoch: 200
Hyperparameters:
  lambda1: 5.0
  lambda2: 2.0
  lambda3: 0.05
  l2_lambda: 1e-05
Best metrics:
  MSE: 0.00010886
  MAE: 0.007143
  MAPE: 0.007622
  RMSE: 0.010434
  R2: 0.919406
