Best epoch: 37
Hyperparameters:
  lambda1: 2.0
  lambda2: 0.3
  lambda3: 0.03
  l2_lambda: 0.001
Best metrics:
  MSE: 0.00032007
  MAE: 0.011814
  MAPE: 0.012729
  RMSE: 0.017891
  R2: 0.694010
