Best epoch: 41
Hyperparameters:
  lambda1: 2.0
  lambda2: 0.3
  lambda3: 0.03
  l2_lambda: 0.001
Best metrics:
  MSE: 0.00031802
  MAE: 0.011818
  MAPE: 0.012722
  RMSE: 0.017833
  R2: 0.684674
