Best epoch: 36
Hyperparameters:
  lambda1: 1.0
  lambda2: 1.0
  lambda3: 0.05
  l2_lambda: 0.001
Best metrics:
  MSE: 0.00039559
  MAE: 0.013967
  MAPE: 0.015022
  RMSE: 0.019890
  R2: 0.556286
