Best epoch: 39
Hyperparameters:
  lambda1: 1.0
  lambda2: 1.0
  lambda3: 0.05
  l2_lambda: 0.001
Best metrics:
  MSE: 0.00031423
  MAE: 0.011870
  MAPE: 0.012801
  RMSE: 0.017727
  R2: 0.691648
