Best epoch: 34
Hyperparameters:
  lambda1: 2.0
  lambda2: 1.0
  lambda3: 0.03
  l2_lambda: 0.001
Best metrics:
  MSE: 0.00028565
  MAE: 0.011188
  MAPE: 0.012027
  RMSE: 0.016901
  R2: 0.734785
