Best epoch: 35
Hyperparameters:
  lambda1: 2.0
  lambda2: 1.0
  lambda3: 0.03
  l2_lambda: 0.001
Best metrics:
  MSE: 0.00030538
  MAE: 0.011425
  MAPE: 0.012311
  RMSE: 0.017475
  R2: 0.713645
