Best epoch: 200
Hyperparameters:
  lambda1: 5.0
  lambda2: 0.1
  lambda3: 0.01
  l2_lambda: 1e-05
Best metrics:
  MSE: 0.00011963
  MAE: 0.007422
  MAPE: 0.007940
  RMSE: 0.010938
  R2: 0.910019
