Best epoch: 199
Hyperparameters:
  alpha: 0.9
  beta: 0.2
Best metrics:
  MSE: 0.00013961
  MAE: 0.008091
  MAPE: 0.008652
  RMSE: 0.011816
  R2: 0.888952
