Best epoch: 199
Hyperparameters:
  alpha: 0.7
  beta: 0.2
Best metrics:
  MSE: 0.00013519
  MAE: 0.007775
  MAPE: 0.008298
  RMSE: 0.011627
  R2: 0.894751
