Best epoch: 199
Hyperparameters:
  alpha: 0.7
  beta: 0.3
Best metrics:
  MSE: 0.00014073
  MAE: 0.008010
  MAPE: 0.008560
  RMSE: 0.011863
  R2: 0.885934
