Best epoch: 34
Hyperparameters:
  lambda1: 2.0
  lambda2: 0.6
  lambda3: 0.01
  l2_lambda: 0.001
Best metrics:
  MSE: 0.00029826
  MAE: 0.011123
  MAPE: 0.011998
  RMSE: 0.017270
  R2: 0.736537
