Best epoch: 200
Hyperparameters:
  lambda1: 5.0
  lambda2: 2.0
  lambda3: 0.001
  l2_lambda: 1e-05
Best metrics:
  MSE: 0.00010899
  MAE: 0.007015
  MAPE: 0.007497
  RMSE: 0.010440
  R2: 0.920375
