Best epoch: 200
Hyperparameters:
  lambda1: 5.0
  lambda2: 2.0
  lambda3: 0.001
  l2_lambda: 1e-05
Best metrics:
  MSE: 0.00010843
  MAE: 0.007065
  MAPE: 0.007558
  RMSE: 0.010413
  R2: 0.919706
