Best epoch: 199
Hyperparameters:
  alpha: 0.5
  beta: 0.2
Best metrics:
  MSE: 0.00012786
  MAE: 0.007783
  MAPE: 0.008322
  RMSE: 0.011308
  R2: 0.898295
