Best epoch: 29
Hyperparameters:
  lambda1: 2.0
  lambda2: 1.0
  lambda3: 0.05
  l2_lambda: 0.001
Best metrics:
  MSE: 0.00034023
  MAE: 0.011878
  MAPE: 0.012809
  RMSE: 0.018445
  R2: 0.684563
