Best epoch: 30
Hyperparameters:
  lambda1: 2.0
  lambda2: 0.6
  lambda3: 0.03
  l2_lambda: 0.001
Best metrics:
  MSE: 0.00034142
  MAE: 0.012168
  MAPE: 0.013115
  RMSE: 0.018478
  R2: 0.680471
