Best epoch: 28
Hyperparameters:
  lambda1: 2.0
  lambda2: 0.6
  lambda3: 0.05
  l2_lambda: 0.001
Best metrics:
  MSE: 0.00026790
  MAE: 0.010533
  MAPE: 0.011346
  RMSE: 0.016368
  R2: 0.756066
