Best epoch: 34
Hyperparameters:
  lambda1: 2.0
  lambda2: 0.6
  lambda3: 0.05
  l2_lambda: 0.001
Best metrics:
  MSE: 0.00030758
  MAE: 0.011528
  MAPE: 0.012426
  RMSE: 0.017538
  R2: 0.715233
