Best epoch: 44
Hyperparameters:
  lambda1: 0.5
  lambda2: 0.3
  lambda3: 0.05
  l2_lambda: 0.001
Best metrics:
  MSE: 0.00038569
  MAE: 0.014064
  MAPE: 0.015139
  RMSE: 0.019639
  R2: 0.524161
