Best epoch: 200
Hyperparameters:
  lambda1: 5.0
  lambda2: 0.6
  lambda3: 0.01
  l2_lambda: 1e-05
Best metrics:
  MSE: 0.00012171
  MAE: 0.007446
  MAPE: 0.007968
  RMSE: 0.011032
  R2: 0.907790
