Best epoch: 200
Hyperparameters:
  lambda1: 5.0
  lambda2: 0.6
  lambda3: 0.01
  l2_lambda: 1e-05
Best metrics:
  MSE: 0.00009904
  MAE: 0.006815
  MAPE: 0.007295
  RMSE: 0.009952
  R2: 0.927631
