Best epoch: 199
Hyperparameters:
  alpha: 0.9
  beta: 0.3
Best metrics:
  MSE: 0.00014344
  MAE: 0.008167
  MAPE: 0.008734
  RMSE: 0.011977
  R2: 0.885365
