Best epoch: 200
Hyperparameters:
  alpha: 0.5
  beta: 0.1
Best metrics:
  MSE: 0.00013117
  MAE: 0.007634
  MAPE: 0.008151
  RMSE: 0.011453
  R2: 0.900602
