Best epoch: 39
Hyperparameters:
  lambda1: 0.5
  lambda2: 0.6
  lambda3: 0.05
  l2_lambda: 0.001
Best metrics:
  MSE: 0.00041703
  MAE: 0.014655
  MAPE: 0.015802
  RMSE: 0.020421
  R2: 0.491885
