Best epoch: 38
Hyperparameters:
  lambda1: 1.0
  lambda2: 1.0
  lambda3: 0.05
  l2_lambda: 0.001
Best metrics:
  MSE: 0.00039372
  MAE: 0.014224
  MAPE: 0.015310
  RMSE: 0.019842
  R2: 0.560435
