Best epoch: 200
Hyperparameters:
  lambda1: 5.0
  lambda2: 0.3
  lambda3: 0.01
  l2_lambda: 1e-05
Best metrics:
  MSE: 0.00009297
  MAE: 0.006676
  MAPE: 0.007136
  RMSE: 0.009642
  R2: 0.928547
