Best epoch: 200
Hyperparameters:
  lambda1: 5.0
  lambda2: 0.3
  lambda3: 0.01
  l2_lambda: 1e-05
Best metrics:
  MSE: 0.00010446
  MAE: 0.006931
  MAPE: 0.007417
  RMSE: 0.010221
  R2: 0.922296
