Best epoch: 26
Hyperparameters:
  lambda1: 5.0
  lambda2: 2.0
  lambda3: 0.05
  l2_lambda: 0.001
Best metrics:
  MSE: 0.00023973
  MAE: 0.010331
  MAPE: 0.011103
  RMSE: 0.015483
  R2: 0.782546
