Best epoch: 35
Hyperparameters:
  lambda1: 5.0
  lambda2: 2.0
  lambda3: 0.05
  l2_lambda: 0.001
Best metrics:
  MSE: 0.00025984
  MAE: 0.010544
  MAPE: 0.011326
  RMSE: 0.016119
  R2: 0.763232
