Best epoch: 42
Hyperparameters:
  lambda1: 2.0
  lambda2: 0.6
  lambda3: 0.03
  l2_lambda: 0.001
Best metrics:
  MSE: 0.00030814
  MAE: 0.012078
  MAPE: 0.012984
  RMSE: 0.017554
  R2: 0.692008
