Best epoch: 30
Hyperparameters:
  lambda1: 2.0
  lambda2: 0.6
  lambda3: 0.03
  l2_lambda: 0.001
Best metrics:
  MSE: 0.00029551
  MAE: 0.011619
  MAPE: 0.012498
  RMSE: 0.017191
  R2: 0.714821
