Best epoch: 200
Hyperparameters:
  alpha: 0.5
  beta: 0.2
Best metrics:
  MSE: 0.00013840
  MAE: 0.007964
  MAPE: 0.008508
  RMSE: 0.011764
  R2: 0.890197
