Best epoch: 34
Hyperparameters:
  lambda1: 2.0
  lambda2: 0.6
  lambda3: 0.05
  l2_lambda: 0.001
Best metrics:
  MSE: 0.00028574
  MAE: 0.011267
  MAPE: 0.012145
  RMSE: 0.016904
  R2: 0.729565
