Best epoch: 37
Hyperparameters:
  lambda1: 2.0
  lambda2: 0.6
  lambda3: 0.05
  l2_lambda: 0.001
Best metrics:
  MSE: 0.00030829
  MAE: 0.011899
  MAPE: 0.012813
  RMSE: 0.017558
  R2: 0.692457
