Best epoch: 199
Hyperparameters:
  lambda1: 5.0
  lambda2: 2.0
  lambda3: 0.05
  l2_lambda: 0.0001
Best metrics:
  MSE: 0.00013664
  MAE: 0.007981
  MAPE: 0.008545
  RMSE: 0.011689
  R2: 0.892522
