Best epoch: 200
Hyperparameters:
  lambda1: 5.0
  lambda2: 2.0
  lambda3: 0.05
  l2_lambda: 0.0001
Best metrics:
  MSE: 0.00012982
  MAE: 0.007803
  MAPE: 0.008350
  RMSE: 0.011394
  R2: 0.896709
