Best epoch: 200
Hyperparameters:
  lambda1: 5.0
  lambda2: 2.0
  lambda3: 0.01
  l2_lambda: 1e-05
Best metrics:
  MSE: 0.00011474
  MAE: 0.007263
  MAPE: 0.007764
  RMSE: 0.010712
  R2: 0.913184
