Best epoch: 200
Hyperparameters:
  alpha: 0.7
  beta: 0.2
Best metrics:
  MSE: 0.00013569
  MAE: 0.007908
  MAPE: 0.008449
  RMSE: 0.011649
  R2: 0.893273
