Best epoch: 200
Hyperparameters:
  lambda1: 0.5
  lambda2: 0.6
  lambda3: 0.01
  l2_lambda: 1e-05
Best metrics:
  MSE: 0.00012708
  MAE: 0.007614
  MAPE: 0.008145
  RMSE: 0.011273
  R2: 0.900141
