Best epoch: 39
Hyperparameters:
  lambda1: 2.0
  lambda2: 0.6
  lambda3: 0.01
  l2_lambda: 0.001
Best metrics:
  MSE: 0.00029198
  MAE: 0.011570
  MAPE: 0.012437
  RMSE: 0.017087
  R2: 0.705801
