Best epoch: 33
Hyperparameters:
  lambda1: 2.0
  lambda2: 0.6
  lambda3: 0.01
  l2_lambda: 0.001
Best metrics:
  MSE: 0.00032471
  MAE: 0.012030
  MAPE: 0.012954
  RMSE: 0.018020
  R2: 0.696746
