Best epoch: 39
Hyperparameters:
  lambda1: 2.0
  lambda2: 0.3
  lambda3: 0.03
  l2_lambda: 0.001
Best metrics:
  MSE: 0.00030935
  MAE: 0.011587
  MAPE: 0.012489
  RMSE: 0.017588
  R2: 0.702808
