Best epoch: 200
Hyperparameters:
  lambda1: 5.0
  lambda2: 2.0
  lambda3: 0.05
  l2_lambda: 1e-06
Best metrics:
  MSE: 0.00010114
  MAE: 0.006933
  MAPE: 0.007422
  RMSE: 0.010057
  R2: 0.925006
