Best epoch: 199
Hyperparameters:
  lambda1: 5.0
  lambda2: 2.0
  lambda3: 0.05
  l2_lambda: 1e-06
Best metrics:
  MSE: 0.00010365
  MAE: 0.007024
  MAPE: 0.007522
  RMSE: 0.010181
  R2: 0.923264
