Best epoch: 200
Hyperparameters:
  alpha: 0.7
  beta: 0.1
Best metrics:
  MSE: 0.00013208
  MAE: 0.007857
  MAPE: 0.008402
  RMSE: 0.011493
  R2: 0.897351
