Best epoch: 36
Hyperparameters:
  lambda1: 0.5
  lambda2: 0.3
  lambda3: 0.05
  l2_lambda: 0.001
Best metrics:
  MSE: 0.00038585
  MAE: 0.013764
  MAPE: 0.014864
  RMSE: 0.019643
  R2: 0.545215
