Best epoch: 37
Hyperparameters:
  lambda1: 0.5
  lambda2: 0.3
  lambda3: 0.05
  l2_lambda: 0.001
Best metrics:
  MSE: 0.00037816
  MAE: 0.013875
  MAPE: 0.014928
  RMSE: 0.019446
  R2: 0.550845
