Best epoch: 199
Hyperparameters:
  lambda1: 5.0
  lambda2: 0.3
  lambda3: 0.01
  l2_lambda: 1e-05
Best metrics:
  MSE: 0.00011243
  MAE: 0.007272
  MAPE: 0.007760
  RMSE: 0.010603
  R2: 0.913957
