Best epoch: 200
Hyperparameters:
  lambda1: 5.0
  lambda2: 0.6
  lambda3: 0.01
  l2_lambda: 1e-05
Best metrics:
  MSE: 0.00010153
  MAE: 0.006865
  MAPE: 0.007338
  RMSE: 0.010076
  R2: 0.924013
