Best epoch: 200
Hyperparameters:
  lambda1: 5.0
  lambda2: 0.6
  lambda3: 0.01
  l2_lambda: 1e-05
Best metrics:
  MSE: 0.00011249
  MAE: 0.007201
  MAPE: 0.007699
  RMSE: 0.010606
  R2: 0.914654
