Best epoch: 200
Hyperparameters:
  lambda1: 5.0
  lambda2: 2.0
  lambda3: 0.01
  l2_lambda: 1e-05
Best metrics:
  MSE: 0.00009820
  MAE: 0.007013
  MAPE: 0.007492
  RMSE: 0.009909
  R2: 0.926968
