Best epoch: 200
Hyperparameters:
  lambda1: 5.0
  lambda2: 0.1
  lambda3: 0.01
  l2_lambda: 1e-05
Best metrics:
  MSE: 0.00010693
  MAE: 0.006895
  MAPE: 0.007363
  RMSE: 0.010341
  R2: 0.918760
