Best epoch: 199
Hyperparameters:
  lambda1: 5.0
  lambda2: 0.1
  lambda3: 0.01
  l2_lambda: 1e-05
Best metrics:
  MSE: 0.00010464
  MAE: 0.006886
  MAPE: 0.007350
  RMSE: 0.010229
  R2: 0.922772
