Best epoch: 32
Hyperparameters:
  lambda1: 2.0
  lambda2: 0.3
  lambda3: 0.01
  l2_lambda: 0.001
Best metrics:
  MSE: 0.00031177
  MAE: 0.011497
  MAPE: 0.012394
  RMSE: 0.017657
  R2: 0.698892
