Best epoch: 39
Hyperparameters:
  lambda1: 2.0
  lambda2: 0.3
  lambda3: 0.01
  l2_lambda: 0.001
Best metrics:
  MSE: 0.00028228
  MAE: 0.010812
  MAPE: 0.011642
  RMSE: 0.016801
  R2: 0.742712
