Best epoch: 199
Hyperparameters:
  lambda1: 5.0
  lambda2: 2.0
  lambda3: 0.03
  l2_lambda: 1e-05
Best metrics:
  MSE: 0.00010098
  MAE: 0.006926
  MAPE: 0.007411
  RMSE: 0.010049
  R2: 0.925634
