Best epoch: 199
Hyperparameters:
  lambda1: 5.0
  lambda2: 2.0
  lambda3: 0.03
  l2_lambda: 1e-05
Best metrics:
  MSE: 0.00011511
  MAE: 0.007342
  MAPE: 0.007849
  RMSE: 0.010729
  R2: 0.913512
