Best epoch: 200
Hyperparameters:
  lambda1: 5.0
  lambda2: 2.0
  lambda3: 0.005
  l2_lambda: 1e-05
Best metrics:
  MSE: 0.00010330
  MAE: 0.006996
  MAPE: 0.007476
  RMSE: 0.010164
  R2: 0.921693
