Best epoch: 200
Hyperparameters:
  lambda1: 5.0
  lambda2: 2.0
  lambda3: 0.005
  l2_lambda: 1e-05
Best metrics:
  MSE: 0.00010762
  MAE: 0.007156
  MAPE: 0.007650
  RMSE: 0.010374
  R2: 0.919016
