Best epoch: 39
Hyperparameters:
  lambda1: 2.0
  lambda2: 1.0
  lambda3: 0.01
  l2_lambda: 0.001
Best metrics:
  MSE: 0.00030522
  MAE: 0.011508
  MAPE: 0.012384
  RMSE: 0.017470
  R2: 0.708771
