Best epoch: 47
Hyperparameters:
  lambda1: 1.0
  lambda2: 0.6
  lambda3: 0.05
  l2_lambda: 0.001
Best metrics:
  MSE: 0.00036538
  MAE: 0.013116
  MAPE: 0.014116
  RMSE: 0.019115
  R2: 0.628454
