Best epoch: 40
Hyperparameters:
  lambda1: 1.0
  lambda2: 0.6
  lambda3: 0.05
  l2_lambda: 0.001
Best metrics:
  MSE: 0.00033778
  MAE: 0.012399
  MAPE: 0.013379
  RMSE: 0.018379
  R2: 0.641769
