Best epoch: 38
Hyperparameters:
  lambda1: 5.0
  lambda2: 2.0
  lambda3: 0.05
  l2_lambda: 0.001
Best metrics:
  MSE: 0.00024180
  MAE: 0.010432
  MAPE: 0.011210
  RMSE: 0.015550
  R2: 0.777920
