Best epoch: 116
Hyperparameters:
  lambda1: 0.1
  lambda2: 0.6
  lambda3: 0.01
  l2_lambda: 1e-05
Best metrics:
  MSE: 0.00020174
  MAE: 0.009346
  MAPE: 0.010035
  RMSE: 0.014204
  R2: 0.820072
