Best epoch: 106
Hyperparameters:
  lambda1: 0.1
  lambda2: 0.6
  lambda3: 0.01
  l2_lambda: 1e-05
Best metrics:
  MSE: 0.00020738
  MAE: 0.009482
  MAPE: 0.010169
  RMSE: 0.014401
  R2: 0.816756
