Best epoch: 44
Hyperparameters:
  lambda1: 0.5
  lambda2: 0.6
  lambda3: 0.05
  l2_lambda: 0.001
Best metrics:
  MSE: 0.00040960
  MAE: 0.014383
  MAPE: 0.015482
  RMSE: 0.020238
  R2: 0.535082
