Best epoch: 36
Hyperparameters:
  lambda1: 0.5
  lambda2: 0.6
  lambda3: 0.05
  l2_lambda: 0.001
Best metrics:
  MSE: 0.00039180
  MAE: 0.013908
  MAPE: 0.014984
  RMSE: 0.019794
  R2: 0.500862
