Best epoch: 200
Hyperparameters:
  alpha: 0.5
  beta: 0.3
Best metrics:
  MSE: 0.00013967
  MAE: 0.008239
  MAPE: 0.008814
  RMSE: 0.011818
  R2: 0.885622
