Best epoch: 200
Hyperparameters:
  lambda1: 5.0
  lambda2: 2.0
  lambda3: 0.05
  l2_lambda: 0.0001
Best metrics:
  MSE: 0.00011789
  MAE: 0.007278
  MAPE: 0.007782
  RMSE: 0.010858
  R2: 0.907467
