Best epoch: 199
Hyperparameters:
  alpha: 0.9
  beta: 0.1
Best metrics:
  MSE: 0.00012482
  MAE: 0.007599
  MAPE: 0.008123
  RMSE: 0.011172
  R2: 0.904161
