Best epoch: 34
Hyperparameters:
  lambda1: 2.0
  lambda2: 0.3
  lambda3: 0.05
  l2_lambda: 0.001
Best metrics:
  MSE: 0.00031259
  MAE: 0.011659
  MAPE: 0.012554
  RMSE: 0.017680
  R2: 0.700340
