Best epoch: 33
Hyperparameters:
  lambda1: 2.0
  lambda2: 0.3
  lambda3: 0.05
  l2_lambda: 0.001
Best metrics:
  MSE: 0.00030000
  MAE: 0.011235
  MAPE: 0.012094
  RMSE: 0.017320
  R2: 0.725991
