Best epoch: 35
Hyperparameters:
  lambda1: 0.5
  lambda2: 1.0
  lambda3: 0.05
  l2_lambda: 0.001
Best metrics:
  MSE: 0.00041194
  MAE: 0.015052
  MAPE: 0.016200
  RMSE: 0.020296
  R2: 0.501314
