Best epoch: 40
Hyperparameters:
  lambda1: 0.5
  lambda2: 1.0
  lambda3: 0.05
  l2_lambda: 0.001
Best metrics:
  MSE: 0.00038873
  MAE: 0.013934
  MAPE: 0.014998
  RMSE: 0.019716
  R2: 0.529872
