Best epoch: 200
Hyperparameters:
  lambda1: 5.0
  lambda2: 1.0
  lambda3: 0.01
  l2_lambda: 1e-05
Best metrics:
  MSE: 0.00009640
  MAE: 0.006824
  MAPE: 0.007286
  RMSE: 0.009818
  R2: 0.928192
