Best epoch: 37
Hyperparameters:
  lambda1: 2.0
  lambda2: 0.3
  lambda3: 0.01
  l2_lambda: 0.001
Best metrics:
  MSE: 0.00030406
  MAE: 0.011767
  MAPE: 0.012645
  RMSE: 0.017437
  R2: 0.701432
