Best epoch: 115
Hyperparameters:
  lambda1: 0.1
  lambda2: 0.6
  lambda3: 0.01
  l2_lambda: 1e-05
Best metrics:
  MSE: 0.00021258
  MAE: 0.009634
  MAPE: 0.010341
  RMSE: 0.014580
  R2: 0.808443
