Best epoch: 200
Hyperparameters:
  lambda1: 5.0
  lambda2: 2.0
  lambda3: 0.01
  l2_lambda: 1e-05
Best metrics:
  MSE: 0.00010930
  MAE: 0.007112
  MAPE: 0.007612
  RMSE: 0.010455
  R2: 0.916954
