Best epoch: 200
Hyperparameters:
  lambda1: 5.0
  lambda2: 0.6
  lambda3: 0.01
  l2_lambda: 1e-05
Best metrics:
  MSE: 0.00010391
  MAE: 0.006963
  MAPE: 0.007432
  RMSE: 0.010194
  R2: 0.921626
