Best epoch: 200
Hyperparameters:
  alpha: 0.9
  beta: 0.05
Best metrics:
  MSE: 0.00012504
  MAE: 0.007524
  MAPE: 0.008034
  RMSE: 0.011182
  R2: 0.904627
