Best epoch: 198
Hyperparameters:
  lambda1: 2.0
  lambda2: 0.6
  lambda3: 0.01
  l2_lambda: 1e-05
Best metrics:
  MSE: 0.00011169
  MAE: 0.007302
  MAPE: 0.007801
  RMSE: 0.010568
  R2: 0.915533
