Best epoch: 199
Hyperparameters:
  lambda1: 0.5
  lambda2: 0.6
  lambda3: 0.01
  l2_lambda: 1e-05
Best metrics:
  MSE: 0.00013880
  MAE: 0.008144
  MAPE: 0.008715
  RMSE: 0.011782
  R2: 0.889081
