Best epoch: 199
Hyperparameters:
  lambda1: 0.5
  lambda2: 0.6
  lambda3: 0.01
  l2_lambda: 1e-05
Best metrics:
  MSE: 0.00011467
  MAE: 0.007392
  MAPE: 0.007917
  RMSE: 0.010708
  R2: 0.910674
