Best epoch: 40
Hyperparameters:
  lambda1: 2.0
  lambda2: 0.3
  lambda3: 0.05
  l2_lambda: 0.001
Best metrics:
  MSE: 0.00029421
  MAE: 0.011243
  MAPE: 0.012110
  RMSE: 0.017153
  R2: 0.727294
