Best epoch: 41
Hyperparameters:
  lambda1: 2.0
  lambda2: 0.3
  lambda3: 0.05
  l2_lambda: 0.001
Best metrics:
  MSE: 0.00029943
  MAE: 0.011060
  MAPE: 0.011921
  RMSE: 0.017304
  R2: 0.724530
