Best epoch: 43
Hyperparameters:
  lambda1: 2.0
  lambda2: 0.3
  lambda3: 0.05
  l2_lambda: 0.001
Best metrics:
  MSE: 0.00027554
  MAE: 0.010866
  MAPE: 0.011705
  RMSE: 0.016599
  R2: 0.741395
