Best epoch: 37
Hyperparameters:
  lambda1: 2.0
  lambda2: 1.0
  lambda3: 0.01
  l2_lambda: 0.001
Best metrics:
  MSE: 0.00031618
  MAE: 0.011788
  MAPE: 0.012686
  RMSE: 0.017781
  R2: 0.693032
