Best epoch: 32
Hyperparameters:
  lambda1: 2.0
  lambda2: 1.0
  lambda3: 0.01
  l2_lambda: 0.001
Best metrics:
  MSE: 0.00028765
  MAE: 0.011281
  MAPE: 0.012147
  RMSE: 0.016960
  R2: 0.732967
