Best epoch: 27
Hyperparameters:
  lambda1: 2.0
  lambda2: 1.0
  lambda3: 0.03
  l2_lambda: 0.001
Best metrics:
  MSE: 0.00031368
  MAE: 0.011821
  MAPE: 0.012712
  RMSE: 0.017711
  R2: 0.714916
