Best epoch: 41
Hyperparameters:
  lambda1: 2.0
  lambda2: 0.6
  lambda3: 0.05
  l2_lambda: 0.001
Best metrics:
  MSE: 0.00031524
  MAE: 0.012124
  MAPE: 0.013055
  RMSE: 0.017755
  R2: 0.681135
