Best epoch: 199
Hyperparameters:
  lambda1: 5.0
  lambda2: 1.0
  lambda3: 0.01
  l2_lambda: 1e-05
Best metrics:
  MSE: 0.00010572
  MAE: 0.007077
  MAPE: 0.007561
  RMSE: 0.010282
  R2: 0.918951
