Best epoch: 199
Hyperparameters:
  lambda1: 5.0
  lambda2: 1.0
  lambda3: 0.01
  l2_lambda: 1e-05
Best metrics:
  MSE: 0.00009779
  MAE: 0.006803
  MAPE: 0.007282
  RMSE: 0.009889
  R2: 0.927098
