Best epoch: 200
Hyperparameters:
  lambda1: 1.0
  lambda2: 0.6
  lambda3: 0.01
  l2_lambda: 1e-05
Best metrics:
  MSE: 0.00012991
  MAE: 0.007656
  MAPE: 0.008182
  RMSE: 0.011398
  R2: 0.899740
