Best epoch: 199
Hyperparameters:
  alpha: 0.9
  beta: 0.1
Best metrics:
  MSE: 0.00012583
  MAE: 0.007764
  MAPE: 0.008299
  RMSE: 0.011218
  R2: 0.903567
