Best epoch: 199
Hyperparameters:
  lambda1: 5.0
  lambda2: 2.0
  lambda3: 0.05
  l2_lambda: 1e-05
Best metrics:
  MSE: 0.00011414
  MAE: 0.007326
  MAPE: 0.007831
  RMSE: 0.010684
  R2: 0.913375
