Best epoch: 200
Hyperparameters:
  lambda1: 5.0
  lambda2: 2.0
  lambda3: 0.05
  l2_lambda: 1e-05
Best metrics:
  MSE: 0.00009981
  MAE: 0.006939
  MAPE: 0.007416
  RMSE: 0.009990
  R2: 0.924846
