Best epoch: 200
Hyperparameters:
  lambda1: 5.0
  lambda2: 2.0
  lambda3: 0.03
  l2_lambda: 1e-05
Best metrics:
  MSE: 0.00011049
  MAE: 0.007233
  MAPE: 0.007737
  RMSE: 0.010511
  R2: 0.917689
