Best epoch: 38
Hyperparameters:
  lambda1: 0.5
  lambda2: 1.0
  lambda3: 0.05
  l2_lambda: 0.001
Best metrics:
  MSE: 0.00037726
  MAE: 0.013771
  MAPE: 0.014837
  RMSE: 0.019423
  R2: 0.585635
