Best epoch: 39
Hyperparameters:
  lambda1: 1.0
  lambda2: 0.3
  lambda3: 0.05
  l2_lambda: 0.001
Best metrics:
  MSE: 0.00034308
  MAE: 0.012745
  MAPE: 0.013723
  RMSE: 0.018522
  R2: 0.644142
