Best epoch: 45
Hyperparameters:
  lambda1: 1.0
  lambda2: 0.3
  lambda3: 0.05
  l2_lambda: 0.001
Best metrics:
  MSE: 0.00035329
  MAE: 0.012889
  MAPE: 0.013873
  RMSE: 0.018796
  R2: 0.608517
