Best epoch: 39
Hyperparameters:
  lambda1: 1.0
  lambda2: 0.3
  lambda3: 0.05
  l2_lambda: 0.001
Best metrics:
  MSE: 0.00034195
  MAE: 0.012603
  MAPE: 0.013592
  RMSE: 0.018492
  R2: 0.638133
