Best epoch: 200
Hyperparameters:
  lambda1: 2.0
  lambda2: 0.6
  lambda3: 0.01
  l2_lambda: 1e-05
Best metrics:
  MSE: 0.00011281
  MAE: 0.007251
  MAPE: 0.007759
  RMSE: 0.010621
  R2: 0.915296
