Best epoch: 200
Hyperparameters:
  lambda1: 2.0
  lambda2: 0.6
  lambda3: 0.01
  l2_lambda: 1e-05
Best metrics:
  MSE: 0.00011412
  MAE: 0.007393
  MAPE: 0.007897
  RMSE: 0.010683
  R2: 0.915043
