Best epoch: 35
Hyperparameters:
  lambda1: 2.0
  lambda2: 0.6
  lambda3: 0.05
  l2_lambda: 0.001
Best metrics:
  MSE: 0.00031405
  MAE: 0.011865
  MAPE: 0.012755
  RMSE: 0.017721
  R2: 0.698330
