Best epoch: 31
Hyperparameters:
  lambda1: 2.0
  lambda2: 0.3
  lambda3: 0.05
  l2_lambda: 0.001
Best metrics:
  MSE: 0.00030286
  MAE: 0.011721
  MAPE: 0.012611
  RMSE: 0.017403
  R2: 0.719841
