Best epoch: 198
Hyperparameters:
  lambda1: 5.0
  lambda2: 2.0
  lambda3: 0.01
  l2_lambda: 1e-05
Best metrics:
  MSE: 0.00011739
  MAE: 0.007440
  MAPE: 0.007948
  RMSE: 0.010835
  R2: 0.910776
