Best epoch: 41
Hyperparameters:
  lambda1: 1.0
  lambda2: 0.6
  lambda3: 0.05
  l2_lambda: 0.001
Best metrics:
  MSE: 0.00034741
  MAE: 0.012737
  MAPE: 0.013712
  RMSE: 0.018639
  R2: 0.631879
