Best epoch: 199
Hyperparameters:
  lambda1: 5.0
  lambda2: 2.0
  lambda3: 0.05
  l2_lambda: 1e-05
Best metrics:
  MSE: 0.00011767
  MAE: 0.007284
  MAPE: 0.007783
  RMSE: 0.010847
  R2: 0.911335
