Best epoch: 200
Hyperparameters:
  lambda1: 5.0
  lambda2: 2.0
  lambda3: 0.05
  l2_lambda: 1e-05
Best metrics:
  MSE: 0.00011181
  MAE: 0.007308
  MAPE: 0.007800
  RMSE: 0.010574
  R2: 0.915537
