Best epoch: 32
Hyperparameters:
  lambda1: 2.0
  lambda2: 1.0
  lambda3: 0.05
  l2_lambda: 0.001
Best metrics:
  MSE: 0.00029589
  MAE: 0.011113
  MAPE: 0.011979
  RMSE: 0.017201
  R2: 0.735653
