Best epoch: 34
Hyperparameters:
  lambda1: 2.0
  lambda2: 1.0
  lambda3: 0.05
  l2_lambda: 0.001
Best metrics:
  MSE: 0.00029578
  MAE: 0.011185
  MAPE: 0.012048
  RMSE: 0.017198
  R2: 0.728155
