Best epoch: 199
Hyperparameters:
  alpha: 0.9
  beta: 0.3
Best metrics:
  MSE: 0.00015290
  MAE: 0.008359
  MAPE: 0.008943
  RMSE: 0.012365
  R2: 0.877706
