Best epoch: 200
Hyperparameters:
  alpha: 0.1
  beta: 0.2
Best metrics:
  MSE: 0.00014124
  MAE: 0.008073
  MAPE: 0.008646
  RMSE: 0.011884
  R2: 0.886023
